Direction (0.17, 0.74, 0.65);
Position (625.43, 585.79, 36.69, 5);
Direction (-0.91, -0.40, -0.14);
Position (592.95, 643.72, 13.92, 3);
Direction (-0.94, -0.27, 0.18);
Position (552.82, 615.75, 9.88, 2);
Direction (-0.98, -0.17, -0.02);
Position (518.70, 610.94, 13.47, 3);
Direction (-0.77, -0.63, -0.06);
Position (492.56, 616.04, 8.78, 3);
Direction (0.06, -0.99, -0.10);
Position (447.34, 533.63, 6.88, 3);
Direction (-0.24, -0.96, -0.09);
Position (442.68, 432.95, 18.07, 3);
Direction (-0.36, -0.92, 0.10);
Position (423.76, 392.75, 28.85, 3);
Direction (-0.21, -0.96, -0.15);
Position (401.89, 340.39, 27.38, 3);
Direction (-0.46, -0.85, 0.24);
Position (396.92, 318.22, 30.42, 3);
Direction (-0.92, -0.39, -0.00);
Position (332.57, 271.42, 42.76, 3);
Direction (-0.55, 0.83, -0.05);
Position (276.39, 296.89, 39.88, 3);
CurveMove ();