TextShowType1 (1, 1.00, 0.42, 5.00,都是蟲的副本);
TextShowType1 (0, 1.00, 0.42, 5.00,都是蟲的副本);
Position (107.22, 297.75, 79.76, 1.00);
Position (125.78, 275.72, 80.24, 1.00);
Position (133.30, 257.70, 77.85, 1.00);
Position (113.64, 234.14, 78.28, 1.00);
Position (107.94, 194.90, 79.09, 1.00);
Position (129.19, 176.00, 73.83, 1.00);
Position (166.75, 194.69, 71.15, 1.00);
Position (165.45, 235.36, 68.85, 1.00);
Position (167.46, 278.98, 60.27, 1.00);
Position (203.52, 301.67, 56.76, 1.00);
Position (264.12, 300.20, 54.75, 1.00);
Position (264.12, 269.17, 51.29, 1.00);
Position (260.79, 205.36, 50.81, 1.00);
Position (255.09, 147.30, 45.78, 1.00);
Position (294.46, 133.95, 46.86, 1.00);
Position (310.37, 106.12, 45.13, 1.00);
Position (293.80, 92.33, 42.58, 1.00);
Position (246.99, 96.11, 41.05, 1.00);
Position (212.42, 119.38, 37.52, 1.00);
Position (155.80, 116.23, 28.25, 0.00);
CurveMove ();
TextShowType1 (1, 1.00, 0.25, 2.00,預設);
Direction (-0.52, 0.80, 0.29);
Direction (-0.32, 0.87, -0.37);
Direction (-0.27, 0.92, -0.27);
StandShoot (5.00, 133.53, 109.63, 28.22, -0.74, 0.54, -0.39);
StandShoot (1.00, 124.63, 103.51, 25.11, 0.27, 0.96, -0.01);
TextShowType1 (1, 0.00, 0.17, 5.00,這是一個測試);
LookAt (123.60, 116.40, 21.86);
CircleMove (5.00, 1.00, 124.02, 118.04, 26.27, 12.00);
Direction (-0.65, 0.71, -0.24);
Position (121.89, 123.73, 29.49, 5.00);
Direction (-0.84, 0.50, -0.19);
Position (139.47, 113.03, 28.58, 3.00);
Direction (-0.13, 0.93, -0.33);
Position (156.61, 113.38, 33.69, 2.00);
Direction (0.91, -0.40, -0.06);
Position (193.80, 124.57, 38.68, 3.00);
Direction (0.98, -0.12, 0.14);
Position (240.92, 99.17, 41.49, 3.00);
Direction (0.90, 0.43, -0.05);
Position (294.89, 92.29, 45.78, 3.00);
Direction (-0.37, 0.88, 0.29);
Position (307.96, 113.19, 45.75, 3.00);
Direction (-0.35, 0.70, -0.62);
Position (287.13, 133.73, 50.05, 0.00);
CurveMove ();
