Direction (0.95, 0.25, 0.19);
Position (207.31, 276.79, 4.92, 6);
Direction (0.96, 0.26, 0.04);
Position (227.84, 280.58, 3.46, 6);
Direction (0.75, 0.66, -0.01);
Position (250.95, 282.81, 6.60, 6);
Direction (0.70, 0.71, -0.03);
Position (266.33, 301.10, 5.96, 6);
Direction (0.85, -0.52, 0.03);
Position (284.18, 323.75, 4.81, 6);
Direction (0.71, -0.70, -0.02);
Position (304.03, 308.14, 26.04, 6);
Direction (0.82, -0.55, 0.16);
Position (322.72, 286.39, 22.33, 5);
Direction (1.00, 0.04, 0.05);
Position (363.70, 280.68, 24.56, 5);
Direction (0.87, 0.41, -0.27);
Position (394.18, 283.91, 23.08, 6);
Direction (0.80, 0.60, 0.02);
Position (414.20, 311.51, 19.07, 5);
Direction (-0.51, 0.84, 0.17);
Position (449.46, 369.36, 16.36, 5);
Direction (-0.48, 0.84, 0.26);
Position (419.25, 385.38, 29.51, 5);
Direction (-0.24, 0.76, 0.60);
Position (398.82, 429.35, 39.07, 5);
Direction (0.13, 0.89, 0.44);
Position (387.07, 430.82, 41.18, 5);
Direction (-0.82, 0.40, 0.41);
Position (417.96, 495.92, 69.82, 5);
Direction (0.60, -0.70, -0.39);
Position (301.05, 515.05, 112.13, 5);
Direction (0.99, 0.04, -0.12);
Position (298.59, 451.54, 99.34, 5);
Direction (-0.47, -0.87, -0.16);
Position (266.42, 461.55, 48.13, 5);
Direction (-0.75, -0.61, -0.25);
Position (232.55, 421.03, 25.50, 5);
Direction (0.13, -0.98, -0.11);
Position (189.16, 349.28, 37.78, 5);
Direction (0.72, -0.57, -0.39);
Position (203.19, 300.11, 28.06, 5);
Direction (0.95, 0.25, 0.19);
Position (207.31, 276.79, 4.92, 6);
CurveMove ()